[gd_scene load_steps=6 format=3 uid="uid://bok30kcwdkd5g"]

[ext_resource type="Script" uid="uid://x6godmwmy7du" path="res://scenes/dungeon/_dungeon_map.gd" id="1_h3sth"]
[ext_resource type="PackedScene" uid="uid://xvskev5wt426" path="res://assets/basic_3d_models/Models/Male/Character_03.fbx" id="2_axpxi"]
[ext_resource type="PackedScene" uid="uid://d1wl2a8k4r6up" path="res://assets/basic_3d_guns/Makarov/Makarov.fbx" id="3_47q4h"]

[sub_resource type="BoxMesh" id="BoxMesh_w8wxp"]
size = Vector3(50, 0.5, 50)

[sub_resource type="CylinderMesh" id="CylinderMesh_h3sth"]
top_radius = 0.2
height = 10.0

[node name="_Dungeon_Map" type="Node3D"]
script = ExtResource("1_h3sth")

[node name="Camera3D" type="Camera3D" parent="."]
unique_name_in_owner = true
transform = Transform3D(-4.371139e-08, 0.104528464, -0.9945219, 0, 0.9945219, 0.104528464, 1, 4.5690842e-09, -4.3471935e-08, -9.553, 6.924, 2.598)

[node name="MeshInstance3D Floor" type="MeshInstance3D" parent="."]
transform = Transform3D(1, 0, 0, 0, 1, 0, 0, 0, 1, -0.62470055, 1.089056, 0.27605677)
mesh = SubResource("BoxMesh_w8wxp")

[node name="Node3D" type="Node3D" parent="."]

[node name="MeshInstance3D Tree 1" type="MeshInstance3D" parent="Node3D"]
transform = Transform3D(1, 0, 0, 0, 1, 0, 0, 0, 1, 0, 1, 0)
mesh = SubResource("CylinderMesh_h3sth")
skeleton = NodePath("../..")

[node name="MeshInstance3D Tree 2" type="MeshInstance3D" parent="Node3D"]
transform = Transform3D(1, 0, 0, 0, 1, 0, 0, 0, 1, 7.88306, 2.7656775, 0)
mesh = SubResource("CylinderMesh_h3sth")
skeleton = NodePath("../..")

[node name="MeshInstance3D Tree 3" type="MeshInstance3D" parent="Node3D"]
transform = Transform3D(0.99836886, -0.057093564, 0, 0.057093564, 0.99836886, 0, 0, 0, 1, 7.88306, 2.7656775, 5.5345345)
mesh = SubResource("CylinderMesh_h3sth")
skeleton = NodePath("../..")

[node name="MeshInstance3D Tree 4" type="MeshInstance3D" parent="Node3D"]
transform = Transform3D(0.9993687, 0.035527427, 0, -0.035527427, 0.9993687, 0, 0, 0, 1, 8.973171, 2.7656775, -4.551018)
mesh = SubResource("CylinderMesh_h3sth")
skeleton = NodePath("../..")

[node name="DirectionalLight3D" type="DirectionalLight3D" parent="."]
transform = Transform3D(0.8660254, 0.25, -0.4330127, 0, 0.8660254, 0.5, 0.5, -0.4330127, 0.75, 0, 8.803447, 0)

[node name="_model_1" parent="." instance=ExtResource("2_axpxi")]
unique_name_in_owner = true
transform = Transform3D(-0.8660254, 0, -0.50000006, 0, 1, 0, 0.50000006, 0, -0.8660254, 0, 2, 7)

[node name="Makarov" parent="." instance=ExtResource("3_47q4h")]
transform = Transform3D(2, 0, 0, 0, 2, 0, 0, 0, 2, -6.941725, 2.9557343, 1.0255651)
